Wall;0,-1;1,1;0,-1
Wall;-1,0;1,1;0,-1
Wall;1,0;1,1;0,-1
Wall;0,1;1,1;0,-1

Door;0.5,0.5;0.05,0.05;0,-1

Hero;0,5,5;0.1,0.0;0.07,0.07;1,0
Hero;0,5,5;0.9,0.9;0.07,0.07;1,0


Wall;0.0,0.10;0.8,0.05;0,-1
Wall;0.2,0.25;1,0.05;0,-1
Wall;0.0,0.40;0.8,0.05;0,-1
Wall;0.2,0.55;1,0.05;0,-1
Wall;0.0,0.70;0.8,0.05;0,-1
Wall;0.2,0.85;1,0.05;0,-1



Cannon;0.05,0;0.05,0.05;1,0
Cannon;0.95,0.15;0.05,0.05;-1,0
Cannon;0.05,0.30;0.05,0.05;1,0
Cannon;0.95,0.45;0.05,0.05;-1,0
Cannon;0.05,0.60;0.05,0.05;1,0
Cannon;0.95,0.75;0.05,0.05;-1,0
Cannon;0.05,0.90;0.05,0.05;1,0
Cannon;0.95,0.105;0.05,0.05;-1,0