Wall;0,-1;1,1;0,-1
Wall;-1,0;1,1;0,-1
Wall;1,0;1,1;0,-1
Wall;0,1;1,1;0,-1

Door;0,0.07;0.1,0.1;0,-1
Hero;0,5,5;0.9,0.9;0.07,0.07;1,0

Wall;0.1,0;0.05,0.8;0,-1
Wall;0.25,0.2;0.05,0.8;0,-1
Wall;0.45,0;0.05,0.85;0,-1
Wall;0.8,0.2;0.05,0.8;0,-1

Wall;0.6,0.2;0.2,0.05;0,-1
Wall;0.5,0.4;0.2,0.05;0,-1
Wall;0.6,0.6;0.2,0.05;0,-1
Wall;0.5,0.8;0.2,0.05;0,-1

Cannon;1,0;0.1,0.1;-1,0
Cannon;0.3,0.5;0.07,0.07;1,0
Cannon;0.4,0.35;0.07,0.07;-1,0
Cannon;0.3,0.9;0.07,0.07;1,0
Cannon;0.25,0.9;0.07,0.07;-1,0
Cannon;0,0;0.07,0.07;0,1